Biomolecule,Molecule Number,E,S,V,U,R,Q,M
aceticacid_b1,54,0.1177,4.7340,1,3,14.2020,0.0,60.05268
aniline_b1,55,0.0409,5.6540,1,4,16.9620,0.0,93.12849
benzonitrile_b1,57,0.3457,5.7670,1,3,17.3010,0.0,103.12355
cisplatin_b1,59,0.2680,5.6780,1,3,17.0340,0.0,300.05
cyclopentanol_b1,60,0.1907,5.6280,1,4,16.8840,0.0,86.1341
dioxane_b1,61,0.1201,5.4510,1,4,16.3530,0.0,88.10656
furan_b1,62,0.0412,4.9730,1,4,14.9190,0.0,68.07528
methylpropane_b1,64,0.1420,5.3160,1,4,15.9480,0.0,58.1237
nitrobenzene_b1,65,0.4050,5.8910,1,3,17.6730,0.0,123.11135
phenol_b1,66,0.1116,5.5870,1,3,16.7610,0.0,94.11322
pyrrole_b1,67,0.0709,5.0721,1,7,15.2163,0.0,67.09055
styrene_b1,68,0.0769,5.9776,1,5,17.9328,0.0,104.15176
thiophenol_b1,69,0.1053,5.7890,1,5,17.3670,0.0,110.17382
toluene_b1,70,0.0000,5.7618,1,1,17.2854,0.0,92.14076